-0.0683462111367974
-0.03718413056714254
-0.04159038718097907
-0.03490824969776729
-0.03242410881678781
-0.031559547826729206
-0.03076923263492848
-0.030495804053451758
-0.030372376948100577
-0.030270918942362446
-0.03021353110997027
-0.030193667687833825
-0.030171994615156406
-0.030167440854093286
-0.030164075428639636
-0.030162308747902378
-0.030160519632534744
-0.030159756430806706
-0.030159377250570163
-0.030159160006627994
-0.030159059369975427
-0.030159027759021795
-0.0301589213214164
-0.03015893339182152
-0.030158917637654215
-0.03015891132506665
-0.03015890779684005
-0.030158905826078497
-0.030158905148345072
-0.03015890479780814
-0.030158904460953373
-0.030158904454216318
-0.03015890439204849
-0.03015890432448831
-0.030158904296959
-0.030158904277960197
-0.030158904276732956
-0.03015890426757406
-0.030158904267373554
-0.030158904265782605
-0.03015890426495127
-0.030158904264705244
-0.030158904264342645
-0.030158904264296904
-0.030158904264117936
-0.03015890426413148
-0.03015890426409218
-0.030158904264078412
-0.03015890426407286
-0.03015890426406842
-0.030158904264068198
-0.030158904264066866
-0.030158904264066644
-0.0301589042640662
-0.030158904264065978
-0.030158904264065978
-0.030158904264065756
-0.030158904264065756
-0.030158904264065756
-0.030158904264065756
-0.030158904264065756
-0.030158904264065756
-0.030158904264065756
-0.030158904264065756
-0.030158904264065756
-0.030158904264065756
-0.030158904264065756
-0.030158904264065756
-0.030158904264065756
-0.030158904264065756
-0.030158904264065756
-0.030158904264065756
-0.030158904264065756
-0.030158904264065756
-0.030158904264065756
-0.030158904264065756
-0.030158904264065756
-0.030158904264065756
-0.030158904264065756
-0.030158904264065756
-0.030158904264065756
-0.030158904264065756
-0.030158904264065756
-0.030158904264065756
-0.030158904264065756
-0.030158904264065756
-0.030158904264065756
-0.030158904264065756
-0.030158904264065756
-0.030158904264065756
-0.030158904264065756
-0.030158904264065756
-0.030158904264065756
-0.030158904264065756
-0.030158904264065756
-0.030158904264065756
-0.030158904264065756
-0.030158904264065756
-0.030158904264065756
-0.030158904264065756
